"X","Y","pH60_100cm","Terrain_Ruggedness_Index","AACN","Landsat_Band1","Elevation","Hillshading","Light_insolation","Mid_Slope_Positon","MRVBF","NDVI","TWI","Slope","residual","looResiduals"
340945.137,6370222.48,6,1.457788,7.165642,57,99.834,1.597974,1679.02319,0.545674,1.48333,-0.169492,16.168032,1.587653,-0.0257348886499909,0.0393427648071372
343126.3,6367669,6.034021,2.328875,7.084076,39,88.422501,4.070198,1642.47607,0.597274,2.661819,-0.380952,14.725817,3.705238,-0.342139737283358,-0.749640435595207
340939,6366474,9.411113,8.297181,106.665482,54,212.420502,1.965223,1726.0155,0.935632,0.006891,-0.189655,9.743478,1.964953,1.01002116060832,2.00680398750775
343079.178,6367991.74,8.113456,3.826818,18.005623,59,98.013252,5.474511,1651.06885,0.248986,0.658229,-0.19708,11.720504,4.720101,0.991161858416665,2.40630669553141
340974,6365233,6.844457,5.362072,51.406204,54,156.8647,5.999009,1764.92993,0.382201,0.467287,-0.1875,10.27146,6.048,0.270165545816657,0.384234094084049
340807,6365241,5.621003,5.858464,55.122009,47,161.853806,4.499897,1799.64905,0.522408,0.290642,-0.193548,9.945193,5.909865,-0.386526186533345,-0.873117585020997
339613.515,6367677.76,8.821639,4.039464,7.156105,66,131.796997,3.121906,1743.02979,0.791344,0.122733,-0.114504,15.550638,3.24486,0.980840330483372,2.00454063314676
341411,6365873,5.998276,2.43724,41.480141,37,142.9272,1.698913,1682.40027,0.720716,0.076298,-0.35,12.551395,1.677717,0.105766143700002,0.107673377943761
339075.825,6368926.77,8.258355,2.342058,1.776657,59,121.265701,3.201801,1712.2771,0.945287,2.783278,-0.151515,17.622395,3.082603,0.548169125416677,1.41414526494103
340321.3,6367680.7,7.41752,4.689468,25.038071,48,136.450699,5.725088,1642.66675,0.186984,0.240548,-0.113402,11.774314,6.305728,0.469307761766665,1.30168946683978
341638,6367099.7,8.152007,5.318482,40.184311,53,136.466003,8.785695,1702.33313,0.475909,0.437238,-0.140187,9.582066,7.525959,0.521575298183346,0.914856447605322
340211,6365099,5.381274,8.103771,38.574608,61,149.153,6.414736,1792.79968,0.75986,0.008987,-0.193277,13.173871,12.989082,-0.53245970241667,-1.04886252552769
340976.3,6367829.9,5.5859,5.033314,24.67585,61,124.845001,7.774611,1702.34277,0.262363,0.226336,-0.193548,10.79945,6.763611,-0.0287665035833458,0.161830733480707
338581.952,6369969.46,7.071951,5.974987,49.553818,46,171.3078,4.10398,1651.84497,0.764414,0.024401,-0.132075,9.677784,3.724299,-0.268791792866654,-0.644795089107721
341242.654,6369342.57,5.894646,0.920677,2.604309,64,91.641998,0.788505,1700.70093,0.92201,3.956566,-0.157895,18.963772,0.799766,-0.706971863849995,-1.64687859235123
343082.8,6367751.5,5.901375,2.855568,12.261543,52,93.553253,3.857291,1644.28137,0.19459,0.31263,-0.104167,13.587828,3.556171,-0.270992210516671,-0.420274374324633
341065.55,6366706.75,6.572939,8.698064,61.990463,55,165.940201,5.718846,1804.26721,0.53448,0.103062,-0.189655,9.667285,6.672802,-0.0612056300999662,-0.346862329811777
341183,6366025,7.828109,7.193591,58.709572,46,162.1017,2.910701,1686.73462,0.837223,0.006299,-0.192982,9.867415,2.713723,0.319778354499998,0.293031049405319
342902.1,6368043.7,6.744507,4.170036,30.843605,59,111.705002,6.425567,1661.35938,0.631125,0.523804,-0.168,10.086722,5.458077,0.385296380016649,0.983511604074155
342623.304,6366320.21,6.435654,2.065701,10.491608,35,99.837753,2.120988,1688.28455,0.461707,0.708383,-0.417722,14.821777,2.035357,-0.119559860592055,-0.0814406363257225
339350.796,6368426.05,5.020176,5.805809,18.533508,53,136.128998,8.768646,1718.92835,0.455602,0.254326,-0.113208,10.959795,7.703584,-0.721154656516668,-1.61764827619729
339479.013,6368137.34,4.014209,2.701038,8.397285,56,126.534302,3.371714,1711.36414,0.66406,0.334841,-0.192982,15.138137,3.223398,-0.678279785099987,-1.54517321963322
340753.5,6367305.1,5.988281,6.81996,36.332153,64,142.676498,7.349688,1830.98731,0.184786,0.319033,-0.219178,10.231614,9.040484,-0.0403848230333219,-0.0177196954619854
340599,6365250,5.906369,5.40694,38.394859,48,146.551498,3.567284,1771.22717,0.660595,1.373051,-0.225225,12.706156,4.655733,-0.226046528916676,-0.315382127367976
341615.9,6367305.6,9.391087,5.619022,34.933311,43,130.573502,4.203842,1695.12329,0.493332,0.732177,-0.154639,10.216665,5.133562,0.980985111950018,1.70247822842723
340129.246,6369299.44,6,2.083193,0,59,100.166702,0.594306,1712.74487,0.873894,2.929882,-0.166667,19.519232,0.622346,-0.225724015533341,-0.340094953143907
340505.022,6368397.03,5.518732,2.952378,11.690781,61,113.6483,2.341988,1731.6936,0.517417,0.130218,-0.174603,15.457587,2.805571,-0.0148726119833356,0.205016720053001
341176,6364550,5.891318,4.592777,33.574471,53,138.252701,4.387832,1740.20007,0.378691,0.343166,-0.163934,10.531365,4.345201,-0.162929062366658,-0.505889661793822
340284,6365047,5.543467,7.958213,55.548363,42,165.588501,6.060133,1786.4314,0.317178,0.015346,-0.388235,9.404748,11.195131,-0.161046953900017,-0.103794606522526
341274,6366008,8.46883,7.002929,48.539993,53,150.968002,9.757171,1737.55237,0.767144,0.047598,-0.215385,9.35996,8.707135,0.402321946650018,0.73817268852265
338859.801,6369539.67,4.563424,1.932351,6.759659,56,125.736298,1.792158,1710.79919,0.895819,2.841346,-0.305556,16.701595,1.783141,-1.23533977324999,-2.92829086612248
341877.627,6365590.36,4.835034,2.856401,19.814468,42,117.610703,3.078571,1764.85645,0.007002,1.488355,-0.41573,14.044784,3.67721,-0.384671280433334,-0.808750247455958
341142,6364766,6.173306,3.771146,17.091003,55,121.828796,3.719733,1774.13818,0.83509,1.583791,-0.157895,15.16819,4.883908,-0.177527447549994,-0.513714472185921
341523,6367316.3,8.166198,6.099854,24.172073,37,120.621498,4.623542,1726.85169,0.330533,0.435487,-0.170732,13.1792,6.368462,0.785316348616691,1.52464719400274
340061.885,6369591.29,6.5,0.957532,2.731087,56,104.435204,1.027915,1713.00549,0.862199,3.930038,-0.149606,18.513733,1.057509,-0.128621297366669,-0.148560242079713
339818.8,6367480.7,5.341181,4.899387,12.620361,49,138.555801,4.546092,1682.48132,0.61041,0.509646,-0.176471,14.139522,5.441428,-0.348251953016638,-0.787787305616434
341834.8,6365965.5,5.105023,2.738814,23.393959,49,120.793999,2.978073,1662.69507,0.32471,0.507195,-0.204082,11.739967,2.792189,-0.196557155983332,-0.456690787089137
340613.079,6369467.51,7.338925,2.097212,3.401306,57,99.2845,4.783972,1653.99768,0.83521,3.4771,-0.179104,17.691696,4.199913,0.106841640500002,0.170723918187869
340800.902,6366318.13,7.404792,14.485963,59.905304,40,167.133804,22.513018,1342.93042,0.290904,2.7e-05,-0.2,9.606116,18.697443,-0.103408673366677,-0.236041757894027
340486,6365016,5.924668,7.881851,71.40564,55,180.185196,9.517974,1845.13892,0.690431,0.009906,-0.132353,8.998396,11.112917,-0.730163362433307,-1.4752585630291
340162,6366096,6.949262,7.254566,74.307495,62,188.116806,8.185052,1855.30151,0.27536,0.02031,-0.15625,9.802121,10.587282,0.0818596862666627,0.3337680667516
340561.8,6366992.5,6.348118,7.93618,43.680367,49,154.399704,13.757986,1549.75232,0.365404,0.132595,-0.327103,10.218688,10.126941,-0.245296589266648,-0.308346006666353
340286,6365903,6.236763,9.118139,88.751846,54,200.736298,10.214942,1680.22974,0.772964,0.025957,-0.203252,8.953556,8.295521,-0.478225948733323,-0.921789277185914
340151.1,6366794.1,6.029054,6.805496,60.03054,47,178.168304,4.065152,1693.88684,0.681165,0.073815,-0.263158,9.40091,4.841461,-0.317336619009506,-0.610812026021865
340964.594,6369730.77,5.604514,1.101063,2.512978,63,94.317253,1.428278,1726.15454,0.841916,3.954848,-0.157895,18.001677,1.521776,-0.657731675166658,-1.90696885909639
341410.178,6369173.32,7.01334,1.488503,1.187096,64,89.133499,2.100357,1742.00635,0.917989,2.940422,-0.166667,18.184336,2.367859,0.118820281999984,0.505911541502839
341299,6364532,7.151688,5.645596,19.046783,46,123.016701,9.113544,1685.75305,0.464276,0.632383,-0.22449,11.917994,7.622846,0.32043341411666,0.622911492527079
340060.679,6370318.89,4.478705,3.496833,20.118553,52,125.834503,2.147885,1743.99182,0.574985,0.045724,-0.095652,12.702254,2.354205,-0.79924210240002,-1.75990010445318
340455.086,6369138.34,4.719742,2.235389,5.681999,57,104.340797,2.498932,1737.51563,0.745051,0.282899,-0.186992,17.54739,2.636051,-0.347299465816683,-0.788575237259223
341243.4,6367296.3,6.574657,4.913938,24.022499,49,124.031998,6.010391,1701.35913,0.232371,0.205357,-0.140187,13.236855,5.367867,0.144453556883325,0.169621254689109
342548.2,6367922.69,5.475299,3.093683,25.581818,53,109.624496,2.211175,1727.39624,0.098834,1.934077,-0.226415,12.404269,2.619497,-0.133460104666669,-0.452800458898122
340722,6368583,4.892482,3.834908,10.883995,54,109.668503,2.892998,1758.0863,0.537665,0.21572,-0.193277,15.541087,3.550982,-0.181268847866681,-0.266974792034532
340203.7,6366900.3,6.251329,8.301124,63.174599,49,180.840302,4.69999,1768.92468,0.793778,0.018329,-0.212121,9.099071,6.987611,0.0917494373381027,0.315297138417755
339712.9,6367489,5.970502,2.748777,1.732193,54,130.516998,2.423948,1723.02979,0.929352,2.73198,-0.204082,16.870617,2.883228,-0.729833027433345,-1.60677828145036
340753.628,6367701.89,4.719281,6.06383,40.631958,44,144.7733,8.5357,1734.19898,0.595198,0.304202,-0.320388,9.794803,7.706755,-0.603336312216666,-1.30502600769369
340313.253,6365309.76,7.392795,5.536157,28.106758,47,138.449799,3.83531,1754.4104,0.885041,0.903001,-0.226415,15.6879,5.214718,0.27658115643334,1.02907912327324
340473,6366985.6,5.996918,6.810023,53.417778,48,165.494995,15.179913,1562.19922,0.380754,0.030613,-0.339623,9.110393,10.919565,-0.339236571083329,-0.530811606788779
341185.785,6368941.26,6.489716,3.817485,7.530922,61,98.781502,3.241439,1760.49976,0.684828,1.383632,-0.168,15.813972,4.130964,-0.00272229026667592,0.452426483049641
341781.4,6367731.9,8.284206,6.545182,38.730507,44,130.520493,3.656633,1778.06384,0.839554,0.022777,-0.115385,9.257535,4.479228,0.235252664949988,0.174820569571413
341210.346,6369665.7,8.325839,0.871194,2.619911,59,91.604752,0.940638,1691.0376,0.893231,3.964566,-0.193798,19.013823,0.945443,0.318010960816666,0.710163932084493
341130.968,6368944.55,3.437355,4.383979,7.775093,63,99.698997,5.793205,1785.83667,0.672212,0.603852,-0.175573,15.10582,6.438053,-1.21861444023334,-2.47103261454425
340911,6366492,8.097675,10.581513,106.189316,53,212.227798,4.235096,1797.09058,0.935266,0.004846,-0.184,9.047778,5.149288,0.249716314489302,0.55153549401014
341172,6366150,8.819752,7.082957,59.137772,59,162.671799,10.756481,1540.62549,0.42627,0.05063,-0.212598,9.455935,9.380767,0.748637671466637,1.32637916381473
340649,6366374,6.310739,10.484759,57.445045,54,166.467697,16.608467,1449.89404,0.117699,0.002819,-0.245902,9.485394,13.326667,-0.707013644633313,-1.4063662677773
341086,6365803,5.492762,4.145873,23.368027,49,127.8255,1.541854,1681.90051,0.777831,1.977697,-0.185185,15.818791,1.53575,-0.557686783516654,-1.52581583972033
340386.442,6368689.83,4.468124,1.34426,1.619186,57,103.131798,1.849483,1689.1062,0.876207,3.851238,-0.142857,17.538311,1.79058,-1.10173849363333,-2.51551318828309
340934,6366020,5.975394,3.106072,28.908661,53,134.751694,2.488863,1667.27271,0.85077,2.545725,-0.193277,14.606524,2.401247,-0.44604752531668,-1.33802664221136
342430.9,6367056.9,5.785196,2.838798,27.384689,36,116.224998,2.425107,1751.51404,0.017936,1.940082,-0.410256,12.955101,2.777086,0.0474276404333365,0.0774284006893229
340598,6365526,7.173746,2.870772,22.825531,54,131.249298,2.401155,1744.3418,0.912197,2.955178,-0.172414,16.94504,2.604899,-0.0631295127500113,0.0459720727827291
341334.8,6366715.5,7.859814,6.272543,41.39817,49,142.132507,5.859772,1726.5387,0.577635,0.640884,-0.178947,11.826299,8.904656,0.460934236166643,0.732294787716592
341530.414,6368912.88,5.5,4.040518,21.882889,57,109.279701,4.184806,1719.2771,0.491649,0.498758,-0.17757,12.205225,5.493066,-0.0707580109999926,0.169717753059146
342484.8,6366240.5,5.042195,2.253531,9.880959,47,100.739304,2.640475,1662.75391,0.69011,1.8465,-0.28,15.662535,2.532575,-0.578270438266664,-1.34060363080246
340180.118,6368391.9,5.806683,2.283172,0,49,106.686203,1.515,1712.24072,0.899982,2.940423,-0.233333,17.733269,1.53041,-0.36362100549999,-0.562723272787287
340948,6366012,8.478439,3.019687,29.324242,47,134.9198,3.447534,1652.14917,0.859297,1.934003,-0.142857,14.276061,3.354082,0.570865981952383,0.818681682278424
341149,6366301,8.855473,9.258307,81.199417,40,184.589798,15.602757,1535.61157,0.673255,0.003648,-0.333333,9.160276,11.191063,0.572856035500013,0.920287837740158
340948,6366004,7.578766,3.019687,29.324242,47,134.9198,3.447534,1652.14917,0.859297,1.934003,-0.142857,14.276061,3.354082,-0.328807018047617,-0.662763234151592
342487.727,6366543.18,5.998577,2.597641,22.137123,42,112.203499,3.45214,1675.36292,0.277517,0.519012,-0.318681,12.936517,3.160541,0.222983509566665,0.605207882856011
342012.3,6367996.2,8.798257,3.988874,16.745354,54,105.008499,4.181658,1764.97974,0.065617,0.165909,-0.136,13.959808,4.568741,1.43033027618331,2.88877706503453
340757,6365371,5.536224,7.971373,34.954765,49,142.100494,7.992149,1866.54492,0.180795,0.025673,-0.275862,11.356912,11.756063,-0.195186482250005,-0.387263603295438
342651.3,6367917.7,6.395936,2.99932,34.094933,68,117.387001,2.502032,1706.33569,0.685475,0.108651,-0.173913,11.178145,2.889878,0.186286561816693,0.462644596794292
340775.7,6367841.1,4.918793,4.029164,40.902046,43,143.653305,4.112856,1689.48584,0.664563,0.451598,-0.384615,9.934639,3.738008,-0.286365293483324,-0.525133922080385
343190.219,6367071.88,5.284704,2.859868,14.27182,53,97.463997,4.868416,1661.35571,0.261354,0.395528,-0.211009,13.675426,4.274329,-0.45423894233332,-1.16868882709596
340409,6366457,6.08887,6.808073,79.836273,55,192.246506,4.021525,1781.29907,0.7424,0.050838,-0.222222,9.598947,4.565361,-0.272934347666642,-0.515988506937218
340603.9,6367518.9,7.884059,5.265843,53.895836,55,161.510498,1.008939,1713.953,0.871276,0.005032,-0.176471,10.17097,1.024891,0.649288106514289,1.33526176627583
341748.849,6366548.02,5.09392,3.913908,22.768509,40,119.509499,5.055874,1628.37659,0.367575,0.618763,-0.311111,12.228954,4.534805,-0.312874752900004,-1.26210279429906
339288.804,6370121.69,7.498736,6.08864,38.338371,54,151.447998,3.054652,1700.42444,0.84949,0.037884,-0.166667,9.707136,2.878451,0.209474957283359,0.478089964284649
339324.692,6370090.42,5.58152,4.219439,30.608879,60,143.089005,10.931662,1662.95679,0.767335,0.226658,-0.166667,9.44339,8.714214,-0.646066484049985,-1.71781244235216
339134.462,6370187.03,6.503709,3.213943,38.67144,46,153.587204,0.575164,1702.23413,0.81079,0.032607,-0.12,10.836374,0.590264,-0.166106004916649,-0.529723410600497
341512.9,6367366.1,8.342749,5.194337,21.180984,37,117.684502,2.889691,1724.27344,0.575694,0.62225,-0.131579,14.474395,3.541892,0.561165252499992,1.13507607988239
341500.12,6368620.93,5.28574,4.141707,26.637939,54,116.085297,7.049072,1626.77954,0.35676,0.290369,-0.171171,10.695197,5.843255,-0.328354614916662,-0.471032284172193
340795,6366193,7.425008,6.918769,34.53183,57,141.980698,4.859183,1650.66113,0.852075,1.462162,-0.205882,13.499551,4.257904,0.182844009549987,0.281775949325881
339561.497,6368966.24,4.528421,5.284858,14.489105,55,124.947998,6.009579,1784.83923,0.34055,0.01896,-0.176471,13.794943,10.962539,-0.54877481734999,-1.05549298196829
341682.835,6369592.36,6.383551,0.896291,0,57,82.626503,0.315174,1699.1134,0.94865,3.954686,-0.192982,19.789326,0.326092,-0.424610492766658,-1.11188647920785
340496,6364851,6.951089,9.707562,73.828003,52,182.449493,20.067949,1623.63013,0.716053,0.00064,-0.232,8.636006,14.431437,-0.230936023733349,-0.278562346313439
341057.296,6366870.76,5.001505,6.059283,40.947975,56,144.583694,4.942728,1808.22546,0.220614,0.170383,-0.186992,10.319652,6.732887,-0.513818944766692,-1.39188482688476
340557.011,6368181.38,5.47898,4.318145,23.08564,54,126.0243,3.649967,1770.14148,0.505313,0.227536,-0.168142,11.910956,4.835207,-0.0903604858666496,-0.00832611420333507
342376.3,6367129.2,6.576449,2.827156,23.341179,52,112.327003,2.326499,1749.0155,0.374271,1.968464,-0.176471,13.683591,2.722743,0.427860837599979,0.887328104335163
339859.8,6369065.5,5.021098,3.503961,11.808784,62,117.0327,4.120235,1759.23645,0.316195,0.809049,-0.149606,14.523517,4.387259,-0.439051496183335,-0.915015743824803
340425.519,6367780.78,5.913864,4.340657,30.880196,48,139.156296,4.326029,1778.24011,0.467905,0.491747,-0.100917,10.651796,4.89188,-0.198451531800014,-0.244763829274424
340428,6365832,7.775964,9.903197,54.39949,56,164.826797,9.039338,1761.70496,0.724064,0.544407,-0.1875,11.240014,8.52406,0.268790842116638,0.784492601737017
339306.358,6370105.59,8.485239,5.80475,36.546936,57,149.373001,9.596233,1690.23254,0.795759,0.030759,-0.224806,9.015413,7.994323,0.712880802333373,1.69069367828562
342511,6366870,5.30926,2.686643,37.487602,41,126.377701,3.078206,1758.60669,0.77952,0.253491,-0.372093,10.808945,3.428367,-0.179268553333335,-0.441034477507216
341439,6365239,6.444192,5.465148,12.023315,54,114.127502,1.725424,1683.12647,0.825316,2.479048,-0.235772,17.798281,1.677924,-0.10913073006665,-0.474802407149635
341435.063,6369564.6,9,2.020484,0.021133,57,86.301498,1.061437,1719.04211,0.941863,3.926796,-0.1875,19.137453,1.121679,0.882469136833326,2.15908886720978
340349.017,6368575.4,8.318968,1.209126,0.686775,47,103.362999,1.416179,1706.62293,0.903245,3.761187,-0.333333,18.09609,1.419234,1.01294729213338,2.58821990185526
339666.359,6368655.31,5.720317,5.473777,11.596649,48,123.035004,8.672894,1611.98926,0.425835,0.164008,-0.257143,13.28285,6.940272,-0.132735164783344,0.16475966698757
338729.15,6369699.1,9.080151,3.003327,12.559502,50,133.004196,3.560973,1657.56433,0.868195,1.332718,-0.171171,15.329131,3.265046,0.895486474499984,2.03347931548658
340084.8,6365190.5,6.65626,5.516599,37.471733,39,149.016006,5.991212,1687.22693,0.622146,0.502838,-0.230769,13.801155,5.246325,0.100821053649996,0.392321224245284
341616.1,6368228.34,6.750323,3.92212,15.400208,61,106.094498,6.078937,1621.27136,0.407289,0.886806,-0.205882,14.071564,5.210597,0.128160778233314,0.547856145548817
340986,6364421,8.228666,1.109026,47.181808,48,153.050507,0.902228,1722.79297,0.645583,0.043163,-0.185185,11.817113,0.94639,0.59284941161668,1.49885313595053
340825,6365081,6.008364,6.482784,75.616478,48,182.150803,3.313511,1743.44434,0.879902,0.053971,-0.236364,9.47328,4.243038,-0.160812593979378,-0.249869884606381
341589.447,6366678.56,7.77178,5.601067,46.962189,55,145.065796,8.980952,1630.96399,0.601361,0.188186,-0.183333,9.556923,7.165228,0.320988859583323,0.217375625518657
341129.131,6368589.34,4.918903,4.52722,32.340302,52,126.189301,3.976302,1753.0957,0.745644,0.10431,-0.178571,10.990019,5.45508,-0.526104620199992,-0.698344406799584
339037.427,6368811.35,6.5,3.462345,3.110527,55,123.689201,2.769753,1730.9585,0.943178,2.529718,-0.25,16.896933,2.815541,-0.271653806850013,-0.550779029559506
341014,6365722,6.381752,3.676834,26.24321,54,131.402802,4.980763,1697.0321,0.614013,0.182437,-0.230769,14.77046,4.499417,0.261261100233333,0.556048728012213
340288,6367658,6.908298,4.451716,20.520264,48,132.663803,5.506212,1629.57947,0.228196,0.236355,-0.157895,12.733744,5.627119,0.287767336183332,0.917942621552283
340196,6365131,5.145578,7.619373,29.235611,37,140.060501,1.381256,1729.91675,0.91598,1.93227,-0.428571,16.629539,1.536688,-0.700519719849992,-1.60994319176771
340145.169,6369972.21,5.200803,1.788412,2.290306,59,104.611298,2.112997,1686.42151,0.836474,2.130654,-0.169231,17.126751,2.025111,-0.295052783183334,-0.582800152846738
342857,6366618,6.127019,2.840369,23.271828,43,109.983704,2.234567,1673.68665,0.523711,0.096705,-0.290323,11.831315,2.140543,0.277735370633345,0.709302616575295
341169,6366031,9.249626,7.177464,57.644897,53,161.260498,4.128743,1777.06812,0.784462,0.015136,-0.265625,9.517021,5.784624,1.36934793843813,2.86755511160372
340426.528,6370286.72,5.822295,3.518778,12.388748,54,112.579201,4.80298,1644.02039,0.139264,0.562031,-0.2,13.176785,4.227742,0.0820123785333484,0.474557365048821
340554,6365872,6.961612,7.224751,45.011215,48,154.343994,6.742684,1828.63525,0.669347,0.527919,-0.111111,11.439265,8.529936,0.0125863225166585,0.0332449493577585
341210.5,6366346.8,8.922555,10.254381,78.906631,44,181.707199,15.676012,1638.16834,0.687618,0.004252,-0.306122,9.256364,11.685883,0.439246243416664,0.578277226113583
340818.679,6366860.27,5.736069,6.696729,34.087746,36,141.067505,6.881498,1849.37024,0.37595,0.046571,-0.438202,11.844429,10.079962,-0.0276016220666548,0.0345238036026787
341261.701,6368430.05,5.077655,1.483011,38.577614,55,131.847702,0.662701,1706.90918,0.805373,0.055385,-0.292035,11.726074,0.676432,-0.517324524683332,-0.992857880945496
340205.9,6366884.8,5.925079,8.301124,63.174599,49,180.840302,4.69999,1768.92468,0.793778,0.018329,-0.212121,9.099071,6.987611,-0.234500562661897,-0.224358992264474
340846.888,6366969.41,6.910012,6.760605,24.881226,48,131.306702,10.20778,1621.43396,0.798554,0.75659,-0.344538,13.454535,7.967385,0.0779096518666726,0.302408861730006
341759.8,6365340.5,5.21507,1.037088,23.728088,41,123.114799,1.304743,1688.6593,0.088115,0.398154,-0.333333,16.269865,1.293596,-0.415114905233354,-0.919653481331378
340673,6365443,5.860583,3.930156,27.104019,49,134.8703,4.079091,1779.87036,0.745996,0.489845,-0.20339,15.339082,4.808691,-0.0388187672333222,0.0504240641003229
340309.452,6368107.85,4.528185,1.906298,13.104515,54,119.987,1.846485,1718.72498,0.260666,1.669959,-0.169492,14.293442,1.868449,-0.551055008166678,-1.02118513307168
340483,6364993,8.289833,7.648862,76.085716,57,184.841003,9.354456,1839.90076,0.794272,0.006408,-0.22449,8.665704,10.750896,0.817563726445275,2.06951055258241
340341.4,6366955.7,5.098405,8.54932,47.118279,39,162.2043,6.522706,1749.16345,0.319825,0.107656,-0.333333,9.654963,11.425286,-0.392267302083335,-0.685983164508132
339969.159,6368000.87,3.956412,4.084665,11.537796,54,125.261497,6.060834,1701.92102,0.218243,0.282819,-0.211009,12.96907,5.410092,-0.697794504699995,-1.31234354710487
342331.8,6367984.7,7.350626,2.170411,13.569405,54,98.989502,1.956571,1720.37573,0.612847,1.824912,-0.214286,15.377018,2.271308,0.425582885116648,0.659782608136934
342759.385,6366193.33,7.059466,1.276853,5.725876,47,94.261513,1.331187,1687.63538,0.720192,2.930108,-0.236364,16.175625,1.314456,0.18716006216669,0.553323144963008
340538.137,6369596.6,7.211658,0.609443,2.830833,61,99.460999,0.811469,1716.09741,0.839812,3.95384,-0.1875,19.146896,0.852177,-0.288454125850015,-0.682799824096424
339051.574,6368777.69,7.511035,3.896401,4.252258,56,124.594704,1.60692,1733.74609,0.94982,1.976813,-0.272727,17.050823,1.735099,0.474940977983305,1.20926490912266
340732.69,6369653.27,9.253922,0.915539,3.451103,62,97.838997,0.839325,1719.47229,0.808788,3.944854,-0.157895,18.484776,0.896708,0.943119344216687,2.00789247121492
341062,6365056,7.904177,9.204115,50.337585,56,155.337494,17.756165,1523.46484,0.489711,0.002467,-0.222222,9.127787,12.368155,0.198569374866653,0.246611490053322
340721.06,6365018.1,5.146834,8.394805,74.910454,41,182.258804,3.727772,1785.09143,0.823824,0.007417,-0.25,9.137,4.59664,-0.734327070990493,-1.61752774049332
341781.278,6368714.61,4.463983,4.359849,16.919579,56,102.793999,6.310273,1668.2616,0.219236,0.507587,-0.185185,12.636942,5.406125,-0.64086162145,-1.53149940842239
340417.353,6368356.8,4.436701,2.620587,5.136032,59,108.394997,1.339987,1729.89258,0.819619,2.090023,-0.203252,17.006004,1.458299,-0.71133860328333,-1.48573624860514
339887.812,6369915.11,5.518831,2.134391,3.644035,59,108.925499,2.25226,1680.43665,0.770066,1.540254,-0.212598,16.528246,2.144667,-0.171596859366667,-0.315359522953548
340559.118,6369167.98,6.255134,1.636886,2.300552,59,99.917999,0.934104,1721.86096,0.843865,3.664095,-0.19685,18.790501,1.005097,-0.24368615141667,-0.595147918269933
340140.2,6367296.3,5.899999,8.681162,26.875473,43,146.382507,11.889125,1758.92651,0.035,0.039991,-0.410714,9.810162,10.761852,-0.265598768733356,-0.437322924524825
341285.5,6366321.8,8.307229,10.560123,61.730583,42,163.776505,18.561583,1632.53174,0.300375,0.001525,-0.3125,9.334009,13.570886,0.328031542066676,0.272448253175249
339578.475,6367586.25,8.812459,3.42162,7.826477,49,133.889297,4.335608,1699.34412,0.774439,0.366351,-0.113636,15.4157,3.977945,0.954321800916693,1.94697894600461
340683.2,6366956.8,6.185465,6.121068,34.194992,47,142.877197,9.777254,1577.05847,0.640686,0.61881,-0.39823,12.241555,7.769533,-0.170314224516656,-0.159828528235443
339068.6,6368478.25,6.352642,4.218289,18.140747,56,139.8573,2.856924,1703.22278,0.592641,1.797998,-0.225225,14.087102,3.315306,0.0632308935166819,0.445408825029265
341146,6366230,8.532754,9.505525,74.623062,37,178.326004,11.785448,1545.07739,0.526698,0.017956,-0.308642,9.411428,9.221745,0.534078643750012,0.797393379871518
341360.5,6366271.8,8.998948,10.140916,47.371559,49,148.723007,18.237469,1576.45349,0.00169,0.001292,-0.225225,9.299398,12.823468,0.755366036649972,1.20684539224704
340852.5,6366737.7,5.685322,7.476205,52.053574,53,158.518799,6.925428,1819.70288,0.242406,0.074389,-0.252033,9.484902,8.185074,-0.308433662533345,-0.785669782786506
342522.734,6366402.89,5.811537,2.714597,16.1353,47,106.167503,3.529055,1669.3606,0.063772,0.350022,-0.22449,13.741406,3.217757,-0.0273806284166476,0.107427983472332
339088.615,6369311.37,8.626307,1.589637,4.502472,57,120.251801,0.949079,1693.66724,0.911277,2.610808,-0.208633,17.36187,0.954056,0.835091594649988,1.8871689160545
340384,6365020,5.569506,8.450562,72.700928,39,182.098007,4.710005,1798.37866,0.834668,0.021972,-0.326087,8.875753,6.936868,-0.219456637266653,-0.316697098950688
340344.936,6368491.05,5.424138,1.421216,0.281174,47,103.740997,1.427987,1701.0155,0.913833,3.312562,-0.386139,18.160637,1.41725,-0.821540712200006,-1.7150413473317
341110.5,6366371.8,8.527351,6.957123,94.204269,43,198.054306,7.200225,1694.172,0.924173,0.061245,-0.213483,9.14969,6.177834,0.339648703050036,0.484361024199133
342526.941,6366726.8,6.192815,4.982195,29.995636,49,119.134804,6.71248,1632.68481,0.295283,0.612985,-0.222222,10.143924,5.606686,0.0757154371833249,0.222556678383077
339706.774,6368869.23,4.5,3.78126,23.094864,57,132.1595,2.819255,1695.89185,0.403148,0.220427,-0.193277,12.242411,2.66436,-0.429611736333334,-0.82319015663568
341188,6365289,8.518512,5.444488,30.435463,52,134.374802,6.36674,1754.21765,0.428004,0.743487,-0.189655,12.188928,6.239175,1.10497327500002,2.33224120007027
339259.8,6368940.5,6.463293,4.789287,8.539948,63,124.671501,4.542094,1796.53638,0.743483,0.194654,-0.167883,15.72077,6.186599,0.244575313200011,0.6443716820469
339990.998,6368718.01,4.2019,1.675628,2.818985,56,109.520798,0.818159,1705.08447,0.783432,2.90426,-0.172414,17.073725,0.831822,-1.01219113975001,-1.86961974316509
339778.557,6368638.27,4.450406,2.139476,5.344505,56,115.314499,2.800201,1677.24939,0.708782,1.771098,-0.160714,15.887455,2.615359,-0.609557422466659,-1.23353713145239
341438.2,6368050.3,5.436692,5.179382,22.278671,49,116.026001,8.244355,1619.97595,0.216962,0.208053,-0.132075,12.342957,6.654798,-0.477395302683353,-1.19513964796635
340687.1,6367237.4,5.688315,7.162228,51.987305,42,159.856293,5.799251,1773.38452,0.726132,0.09015,-0.378641,9.339576,6.017361,-0.268672197911918,-0.492171471336409
339110.446,6369266.51,7.584215,1.972793,2.643707,57,118.216499,2.957728,1670.74793,0.928684,2.653531,-0.185185,16.864799,2.748534,0.238930650500013,0.439699626932006
340388.253,6365309.76,5.530854,5.807287,34.950455,56,144.774994,4.716764,1800.67664,0.611433,0.235109,-0.222222,14.063219,6.408885,-0.198849456433329,-0.342034031894696
339987.205,6370014.88,4.925374,2.281872,4.46183,59,109.084999,1.747081,1686.46191,0.660869,1.658203,-0.169231,16.526579,1.695792,-0.222831131233329,-0.337927648901884
342350.8,6367966.1,6.602205,2.476344,15.045021,56,100.399002,2.093651,1723.80237,0.543701,1.74912,-0.186992,15.013891,2.45761,0.214356979349987,0.245021125905559
341095,6364591,5.468687,5.344858,34.115128,54,139.306702,4.84286,1801.4165,0.259365,0.255706,-0.192661,10.855255,6.158067,-0.0757707870499935,-0.363666209423071
338932.683,6369044.08,6,1.204192,1.04776,59,122.211304,1.42845,1700.61255,0.925296,2.962894,-0.207547,17.957815,1.413772,-0.49078802946666,-1.2000697343722
341364.05,6370013.83,7.2602,0.796584,1.926239,59,88.663254,0.804922,1701.71838,0.877376,3.725168,-0.174603,18.393864,0.817514,-0.0447613629500072,-0.00713583859797851
339379.437,6369565.37,6.912063,3.010729,2.290512,56,111.890701,4.746206,1678.87659,0.908895,0.593381,-0.176471,17.212137,4.226482,-0.0716693638499839,-0.215428909937253
340438,6364852,6.203173,9.671869,82.269859,53,191.178299,1.567914,1729.68152,0.852134,0.013611,-0.234783,10.013323,1.615834,-0.45662799674999,-0.845551164757945
340495.918,6367701.06,4.580936,5.090271,38.549286,54,146.903198,4.846668,1796.12317,0.670839,0.060799,-0.168142,9.546475,5.818396,-0.972317203000003,-2.05152286229583
340840,6365094,7.106608,6.482784,75.616478,48,182.150803,3.313511,1743.44434,0.879902,0.053971,-0.236364,9.47328,4.243038,0.937431406020622,1.27026428331929
340949,6365393,7.925104,9.623099,37.186943,52,142.804504,9.757267,1909.7721,0.080408,0.000177,-0.28125,10.102344,16.698708,0.501317797716688,1.13958986040692
339959.078,6368381.01,4.99626,3.242791,1.150734,53,111.616501,3.209109,1760.17419,0.863994,1.61862,-0.221239,16.704828,4.091544,-0.64153471909998,-1.3388152387985
338909.624,6369318.57,4.234079,4.102605,9.579727,54,128.664505,4.927328,1654.11304,0.673905,0.37151,-0.193277,15.325385,4.308125,-0.781698920049982,-2.02012013476685
340965,6365104,7.020168,7.148593,65.406311,55,171.077698,9.112893,1764.19653,0.807375,0.0564,-0.196721,9.250132,8.593941,-0.145953659833329,-0.446094004325741
340730.216,6370400.48,4.12861,1.721239,11.218422,43,107.303001,1.364913,1707.16528,0.247046,0.123268,-0.08,15.819266,1.370091,-0.952081267933339,-2.18766293584261
341305,6365103,7.539217,3.853436,24.835869,49,128.031006,5.102528,1670.62146,0.087402,0.432215,-0.17757,13.45796,4.472221,0.7599702711167,1.61506048807335
339758.081,6368115.57,5.986122,3.099244,4.752869,53,119.862503,2.679333,1756.30969,0.793266,1.654826,-0.122449,16.08568,3.087813,-0.29375202956667,-0.565336216460399
342583.3,6367894.4,5.767323,3.021523,27.558357,53,111.544296,3.209743,1731.37048,0.292441,1.499078,-0.192661,11.663642,4.054688,0.0312137601166587,0.0686671483090784
340301.04,6368019.77,4.502479,3.202296,15.567116,57,123.515999,3.208291,1763.3811,0.040152,0.340474,-0.193277,12.935142,3.652308,-0.423359106416675,-0.729583244794219
340939.944,6366481.81,7.336165,9.944356,105.468628,54,211.208298,6.00555,1795.77454,0.937459,0.013708,-0.206107,8.908306,6.524099,0.331470498603192,0.201779851957085
341881.9,6367594.9,6.045782,5.766647,25.307831,37,116.875999,7.86377,1669.91663,0.013623,0.373209,-0.1,10.895524,6.5738,-0.371824872966692,-1.22922336912393
339401.128,6367702.43,8.650744,5.140658,14.577438,40,138.789993,4.550241,1752.58167,0.693811,0.853868,-0.090909,12.875902,4.638499,0.916985927666694,2.01064321256053
340945.2,6367201.7,6.685133,4.527314,36.113159,57,140.422501,5.932343,1616.44141,0.226659,0.490921,-0.230769,11.189763,5.238731,0.30383788095,0.82656339595469
340112,6366296,6.501942,6.526949,50.646416,44,165.983704,2.881365,1706.41211,0.755677,1.714804,-0.302752,13.56131,3.380682,0.031611084250005,0.0835589909229002
342042.942,6368878.23,7.452757,3.219715,2.232285,46,84.230499,4.510675,1720.65527,0.834732,1.176958,-0.247059,16.690371,4.321487,0.355884113966654,0.973655683560444
341329.106,6367390.45,5.172906,2.720927,14.327667,47,112.700996,2.895464,1734.51941,0.846115,2.661607,-0.148936,15.81722,2.973685,-0.743499461328547,-1.91782441739935
341117,6364816,6.93054,6.875091,14.550224,54,119.399002,4.719199,1648.69873,0.858803,1.552601,-0.189655,15.481086,4.155809,-0.148594651216674,-0.486539297769714
341414,6365823,5.090156,3.605243,39.889793,36,141.4048,2.357621,1672.01172,0.702982,0.126526,-0.428571,12.646916,2.275225,-0.261153809533342,-0.860018571133208
341493.684,6368399.02,5.140759,4.412211,28.371078,56,119.4645,5.308762,1746.09277,0.647793,0.158812,-0.192982,10.701086,5.243128,-0.207979953616658,-0.272931022983761
339558.188,6370099.82,5.055292,5.068247,29.320152,52,139.298203,6.235623,1622.22546,0.791985,0.331398,-0.182609,10.101203,5.331109,-0.748885636499997,-1.69087575694866
342858,6368046.2,5.300626,4.269618,35.788055,57,116.985298,7.094252,1675.64807,0.797007,0.295107,-0.17037,9.552023,6.03373,-0.558642469783342,-1.30242543489958
340519.6,6366997.41,6.00541,7.479144,49.908829,49,161.5233,17.302963,1545.24902,0.009991,0.012835,-0.277311,9.103167,12.122273,-0.471328156649993,-0.852864673274166
341404.743,6368916.81,3.920362,4.387259,12.70813,48,101.503502,4.417164,1774.62439,0.358178,0.702202,-0.346154,14.003538,4.992814,-0.681407677133314,-1.26590884658578
338741.153,6370112.42,6.989705,8.136369,24.154587,44,143.805496,4.542533,1798.03345,0.639627,0.712106,-0.16,13.570552,6.217229,0.0275269471000037,-0.188576061503048
341759.8,6366015.5,4.92813,2.688061,26.847137,48,124.822502,3.642654,1662.15173,0.410659,0.201943,-0.22807,11.564466,3.312022,-0.300606517166668,-0.744761460430981
342502.919,6366765.24,6.383068,4.640946,37.061623,46,126.263,10.216599,1615.40833,0.747906,0.155938,-0.269231,9.250342,7.955926,-0.174980469033329,-0.411867911338546
340614.2,6367522.4,6.527894,5.265843,53.895836,55,161.510498,1.008939,1713.953,0.871276,0.005032,-0.176471,10.17097,1.024891,-0.706876893485711,-0.969621130168663
340238,6365081,5.882382,8.973825,42.53978,56,152.966003,5.932335,1768.25671,0.372764,0.029388,-0.171171,11.367693,10.383548,-0.310380813116639,-0.456864753362574
342305.5,6367459.7,8.090137,2.736185,16.377365,53,104.6595,3.505978,1755.24609,0.556277,1.535002,-0.12963,14.047459,3.796063,0.723802190483321,1.5810944697026
340779,6365348,5.231259,8.379889,42.354736,46,149.301498,7.573936,1873.56824,0.081895,0.005169,-0.355932,9.6092,12.854052,-0.482564671916685,-1.09465933092721
340779.725,6369165.58,7.284292,0.73416,2.505943,53,97.39875,0.759718,1705.62561,0.88149,3.913123,-0.154639,18.722698,0.776578,-0.0711598233833479,-0.035269806820823
340233.811,6368535.17,7.502523,1.848356,2.903114,53,107.582497,2.547086,1701.03174,0.84524,3.333824,-0.119266,17.042459,2.449942,0.471520680616655,1.5274506391135
341760.5,6366346.8,9.741758,2.529455,14.815033,56,112.061203,3.502386,1681.57617,0.770156,2.577348,-0.276596,14.264801,3.2164,1.69943502383332,3.44386928629937
339211.538,6369180.69,6.575134,2.00775,0.230316,62,114.461304,1.321221,1725.44153,0.932732,2.926562,-0.15625,18.110918,1.397474,-0.000346786266669952,-0.312404322326914
339867.69,6368669.11,5.467462,1.912788,4.263626,61,113.048798,2.664036,1689.39856,0.737877,2.654969,-0.206107,16.205765,2.516394,-0.298856913516652,-0.325338708258456
340116.2,6367041.9,5.746837,5.83622,48.251495,53,169.2798,3.275422,1758.93543,0.798233,0.072358,-0.191919,9.4534,4.23391,-0.414506117276178,-0.86301704158042
341771,6365981,5.100198,2.923636,25.177246,53,123.205704,4.895103,1636.3468,0.395152,0.614374,-0.222222,11.169482,4.340465,-0.255949913616675,-0.57514782748274
342234.8,6366890.5,5.287944,3.309803,41.327339,47,132.515305,3.864865,1751.56274,0.698485,0.265964,-0.284404,9.926524,4.0185,-0.0994023050166639,-0.318590393410747
342803.669,6366165.59,6.445556,1.341101,4.691132,61,92.834251,2.063744,1683.92163,0.725172,2.927033,-0.221374,16.034742,1.980095,-0.173637672583316,-0.300426354678355
341434.251,6369866.22,6.00101,1.067522,1.679047,62,87.437263,1.073771,1700.8949,0.90218,3.93701,-0.17037,18.5473,1.080081,-0.635235472699996,-1.6344645826662
340031.672,6367648.5,4.517539,6.346988,12.480492,49,130.047699,7.349252,1781.96729,0.264652,0.263647,-0.277778,11.977756,7.579786,-0.441890575949998,-0.912341345954546
340777.376,6369905.65,8.915376,0.557547,0.330299,59,94.431252,0.648833,1704.32068,0.839961,3.90939,-0.136,18.311075,0.664551,0.774253710900034,1.75484396542537
340334.394,6370016.91,5.843348,1.919394,0.712334,55,100.582298,2.559891,1674.65576,0.847241,2.232477,-0.179104,17.392422,2.411074,-0.149457090816676,-0.29021289440769
340910.731,6369986.92,7.020002,0.916363,0.86171,63,93.501251,0.771048,1692.44495,0.850674,3.761163,-0.17037,17.968296,0.783342,-0.0228650653333595,-0.135149819118983
341631.2,6367284.8,9.630296,4.453067,37.55307,43,133.035004,3.397446,1765.31555,0.625187,0.4661,-0.137255,9.784718,4.407497,1.30979765584999,2.62523964479268
340925,6365186,8.898251,6.987619,60.04686,55,165.878494,8.538498,1836.89917,0.650313,0.035324,-0.136,9.313507,10.068181,0.735194495466697,1.60740455411843
341736.566,6370066.2,9.027135,0.760544,2.96151,57,84.916748,0.99131,1687.927,0.889884,3.84665,-0.169492,18.447468,0.998426,0.757536003733305,1.72653965498283
339958.185,6367926.61,5.191852,4.433013,10.015282,54,124.790001,5.668816,1705.04834,0.305554,0.746947,-0.171171,13.186712,5.119126,-0.158143938749994,-0.241256227499657
341694.2,6367152.7,7.870023,6.870714,34.51886,44,130.085999,11.335675,1651.13428,0.166811,0.119875,-0.145833,9.63375,8.908748,0.00903432993332043,-0.377586476426478
340013.563,6370093.84,5.497887,4.087369,6.746674,59,111.518501,5.722739,1629.72119,0.455862,0.570359,-0.19685,14.84691,4.928153,-0.0738991126333461,0.093606710021521
340669.835,6367700.43,4.157057,4.180908,43.479195,47,149.078506,3.932418,1760.27417,0.684888,0.646765,-0.125,9.827676,5.394653,-1.39013422811667,-3.14106571382884
342671.4,6367827.1,6.024767,1.96858,32.307983,61,116.123001,0.997086,1690.82825,0.643091,0.02881,-0.157025,12.524985,1.013868,-0.0102106813166465,-0.101935918327628
340735,6365116,5.952077,8.637692,57.802528,35,165.021301,5.496869,1757.8468,0.135537,0.473006,-0.375,10.574609,8.746275,0.105807136866674,0.389995845058399
339779.683,6370138.25,5.517047,5.712812,17.601395,59,125.405701,9.097166,1612.25586,0.251898,0.617146,-0.203125,11.520626,7.217164,-0.455905081100012,-0.906719552361336
341585.747,6369981.26,6.974422,0.609103,2.155197,66,85.973503,0.625744,1698.23706,0.904806,3.921832,-0.151079,18.938944,0.637342,-0.189496840283337,-0.557397155666859
339732.007,6370010.75,5.999969,4.538598,12.943428,40,120.573502,5.394285,1630.00098,0.015243,0.359964,-0.341463,13.237759,4.715599,0.123764754883332,0.496591293314887
340628.17,6369687.14,8.992087,0.753827,2.044685,61,97.592751,0.782957,1717.69165,0.828427,3.946507,-0.149606,18.794922,0.830867,0.569994418816703,1.27608419323325
340010.5,6367268.7,4.443731,3.760581,35.045715,43,158.930298,2.896891,1761.21094,0.621286,0.129874,-0.370787,10.870277,3.586441,-0.586726843116665,-1.16011750292311
340860,6366560.4,7.31546,12.649879,83.509979,53,190.121994,7.824986,1882.75378,0.584146,0.000958,-0.196581,9.089789,12.853637,-0.00313205661663929,0.094726284106402
342533.697,6366489.18,5.328403,2.57089,19.387825,46,109.156799,3.041799,1691.72119,0.137801,1.132517,-0.264368,13.003037,2.853788,-0.243922639950015,-0.550677144362099
341068.3,6367526.4,7.983991,3.093346,19.173241,55,120.300797,3.028653,1659.66773,0.478934,1.937731,-0.235772,14.086864,2.85468,0.803353713249986,2.02349596410141
340283.2,6366850.5,5.92436,7.988132,71.5737,54,187.410004,7.192086,1842.95337,0.8211,0.005274,-0.193277,8.721397,9.252143,0.0433449342095127,0.109457369506757
341449,6366604,8.791042,3.551619,54.285095,47,153.8992,2.122593,1731.92664,0.533982,0.090982,-0.176471,10.712481,2.184214,0.848408711933358,1.63193550977152
340434,6365187,5.567439,5.729701,50.282463,40,159.584198,4.838033,1805.11731,0.392959,0.317314,-0.375,10.290548,6.813873,-0.0124828978666756,0.173678418630787
341342.4,6367836.9,6.168824,2.380947,11.128487,55,107.149002,1.492188,1706.98328,0.769576,2.920352,-0.131783,15.550681,1.49181,-0.0701421202166772,-0.197255377841447
341095,6366079,8.810617,8.97677,43.161324,48,147.487,6.237619,1635.745,0.479764,0.685554,-0.25,11.191106,6.872021,0.904788740049979,1.8483273544385
339380.427,6370062.17,6.504342,3.365966,28.830284,55,140.664993,0.720199,1709.21631,0.747163,0.705005,-0.177419,11.879716,0.735547,0.181372167433318,0.509772181727198
342058.8,6368073.5,8.796358,3.102459,11.480942,64,98.853752,3.477951,1749.96448,0.533826,0.282579,-0.165468,15.092618,3.700972,1.4100733294167,2.47949501109164
340112,6365971,6.777649,6.814086,95.274658,61,209.015305,6.206224,1833.72839,0.793039,0.077563,-0.2,9.00632,8.108282,-0.0517280825833248,-0.0557717299751594
341712,6364808,6.928929,2.154864,5.934402,59,106.867798,2.779326,1712.19067,0.854639,2.668611,-0.223881,17.102402,2.710714,0.346060516566681,0.818054550030569
340780.8,6366772.1,5.667535,7.006562,46.657364,37,154.1185,5.115895,1806.97754,0.125659,0.04867,-0.324324,9.893666,7.875962,-0.0701674559166561,-0.10197181409499
340923.499,6369567.69,9.202874,1.122153,0.384842,61,92.770752,1.315409,1691.17664,0.911695,3.952497,-0.184,19.111534,1.299592,0.989842855483367,2.20621079801527
339961.007,6368533.87,7.472815,1.406131,3.608284,62,112.629204,2.232158,1677.60181,0.7837,2.912116,-0.121951,17.273432,2.12944,0.502549748316667,1.61081937587798
343420.835,6367884.03,5.290525,1.800827,0.620354,56,79.178253,2.281527,1696.48718,0.782909,3.943768,-0.159664,16.951649,2.205659,-0.632609144600009,-1.58896570127583
339678.397,6369107.12,6,4.143145,7.439125,56,114.689499,4.616507,1789.64624,0.744014,0.429745,-0.160714,15.391579,6.731658,0.0464177089666702,0.344764758336898
339958.917,6369705.93,5.496422,1.050354,1.521881,64,104.856201,1.069193,1711.625,0.866366,2.648527,-0.15625,17.897039,1.094348,-0.405814731083354,-0.642674915149872
342201.9,6367963.8,7.071974,1.555572,8.829193,61,95.446747,1.52511,1715.73962,0.790103,3.616144,-0.203252,16.627384,1.724222,0.135838000766671,0.00617743493305678
341590,6367346.2,7.525934,6.576912,32.71817,40,128.516998,6.794263,1672.84412,0.323085,0.121551,-0.173913,10.441312,9.1506,0.242253412516654,0.23330588236823
341682.062,6369012.28,3.983028,3.314123,25.814522,49,110.888199,2.509871,1749.52844,0.729202,0.220232,-0.3125,12.303728,2.798844,-0.641019169583339,-1.31137616515103
340515.52,6368727.81,7.471818,0.984916,0.888985,54,100.9105,1.557368,1682.96619,0.861117,3.901123,-0.2,18.142488,1.527578,0.308851140483346,1.27700429462226
340964,6365162,8.077081,6.940742,61.4104,55,167.068802,7.534061,1793.81897,0.683247,0.067301,-0.183333,9.545971,7.903275,0.556344019199994,1.03633956817371
340970,6365222,7.151009,6.158079,54.994919,59,160.6418,5.954566,1802.01379,0.51578,0.228671,-0.147287,9.930323,6.814978,0.101945928266648,0.134795981317277
340914,6365422,6.108203,9.203494,29.195572,53,135.201508,7.961476,1868.59204,0.489047,0.007418,-0.163934,13.2512,11.990794,-0.325452405916639,-0.929347806100004
340669,6365218,5.143887,6.141325,43.253426,43,151.040497,5.43711,1713.8363,0.455705,0.538006,-0.326087,11.337731,7.652082,-0.439954365500014,-0.934160005682386
340464,6365085,5.420118,7.276605,63.253777,67,172.270493,5.415566,1798.2406,0.651971,0.09155,-0.216216,9.394313,6.248888,-0.538949602299994,-0.935445051260989
340300.47,6368188.56,4.993225,2.826789,12.598816,59,118.704002,2.876175,1734.22473,0.31199,0.158315,-0.15625,14.324753,2.942328,-0.209451964766671,-0.448896763856179
339928.8,6367457,5.43862,3.932606,27.421906,49,150.430298,0.650799,1706.16675,0.529623,0.038456,-0.178947,12.568719,0.690148,-0.37546022399998,-0.736654908283755
340457.221,6369691.67,7.848268,0.62176,1.948921,64,99.474747,0.722914,1709.89514,0.84761,3.94762,-0.153285,19.093637,0.746672,0.295841395950008,0.518005759348712
339213.881,6368327.34,5.235725,5.008735,30.406578,62,150.875198,7.912083,1711.96277,0.692291,0.266125,-0.179104,9.749562,6.937561,-0.508517482466647,-1.08821762324563
340277,6365902,6.34432,9.422395,87.562675,53,199.470703,14.297542,1621.04919,0.679798,0.006184,-0.206612,8.837495,10.610326,-0.437386586200016,-1.00901288949277
341638.993,6369254.92,5.982229,3.116574,3.881134,61,88.430763,2.317736,1744.67835,0.849828,0.481305,-0.174603,17.440815,2.7377,-0.228324952300015,-0.395422758818493
339026.164,6368876.16,7.70873,3.56368,3.087463,57,123.514297,6.879917,1671.53259,0.924092,0.737949,-0.17037,16.246855,5.844335,0.30007971603888,0.695784965943024
341067,6365361,8.906526,9.28664,43.7201,49,148.569702,7.389492,1799.20972,0.585755,0.014906,-0.174603,9.180481,7.968558,0.758095679450024,1.74023751027498
341850,6365881,5.597378,3.200136,18.249496,53,115.591003,4.674673,1640.44605,0.113539,0.927081,-0.225225,12.344101,4.154803,-0.190343284333341,-0.307055488900174
341186.3,6368846.68,4.03016,4.136884,13.543434,70,105.391296,5.539093,1784.453,0.340721,0.725667,-0.224242,13.501935,6.170799,-0.649180489949991,-1.16344838323826
339429.985,6367753.58,6.974146,3.720568,13.368866,49,136.413803,4.234786,1708.00708,0.686922,0.371018,-0.170213,13.224951,3.942963,0.445378602500031,1.00645667660671
341010.069,6369370.97,7.658165,0.735191,2.0121,64,93.595253,0.78065,1714.25183,0.920982,3.957934,-0.151515,18.984613,0.817251,0.152654892550022,0.419546736236344
338983.7,6369614.27,8.971358,1.542449,10.3311,49,127.101196,1.585278,1682.00256,0.803654,2.747224,-0.323944,16.526104,1.57859,1.25531516446671,2.71833282473213
339368.347,6368700.73,4.49468,2.961999,26.132759,49,141.8918,2.145046,1748.92236,0.378568,0.258112,-0.320388,12.251181,2.419191,-0.289684111499979,-0.472640450040394
341339,6365289,5.102867,6.211256,22.48465,49,125.282204,11.719329,1776.56763,0.509648,0.017209,-0.283019,13.827734,11.055171,-0.548583071066646,-1.56813907914663
341424,6365006,7.695485,5.119138,10.119049,50,112.566704,6.132349,1658.47144,0.851081,0.956394,-0.192661,15.93146,5.228554,0.366178025749974,0.725231239459965
339385.571,6368712.87,4.976496,3.578609,25.259094,44,140.451996,3.97293,1785.84692,0.413029,0.588965,-0.402299,11.189739,4.975739,-0.0781732700500113,-0.0215060866195653
338986.726,6370046.26,8.612099,7.506406,30.386772,55,147.018799,12.006929,1580.49316,0.038262,0.252889,-0.132075,9.829089,9.047476,0.578371018933337,1.28530751529356
340914,6365718,6.049716,7.452357,35.969948,52,142.009796,8.940461,1656.89563,0.250622,0.027321,-0.253968,11.855197,7.256161,-0.309561446483341,-0.918915476391706
340233,6367580.6,6.904326,2.830992,12.780365,54,126.732002,2.713025,1700.92078,0.72536,2.278129,-0.222222,14.600966,3.123617,0.316261258200022,1.00059361930812
340588,6364800,6.097307,8.794482,54.450241,61,162.462204,11.23994,1730.5592,0.277709,0.012926,-0.188406,9.119298,9.727429,-0.497616626699998,-1.12448269434393
339255.643,6368781.02,4.979134,4.691563,22.247292,54,139.067703,4.030539,1772.80005,0.057174,0.198545,-0.12963,12.956705,5.586265,-0.614158223333345,-1.36384452326459
341599,6366008,5.272713,3.573061,32.352715,47,131.713196,2.881467,1731.15735,0.625331,0.089061,-0.283019,10.871156,2.911543,-0.0821920944000025,-0.285177087436069
342731,6366780,5.625944,2.818869,30.199432,37,117.468803,3.412759,1701.54224,0.739807,0.232588,-0.277108,10.151046,3.211751,-0.137054781349998,-0.273180568457094
339987,6366421,6.685215,5.884914,40.909439,55,158.529007,2.674846,1672.24902,0.798112,2.631059,-0.240876,14.487523,2.784756,-0.0529598528500141,-0.120747799232498
341055,6364491,8.679346,4.366964,44.552292,54,149.968506,4.367303,1760.5033,0.729252,0.262624,-0.171171,10.18449,4.57061,0.997877504033355,2.66561464641098
340212,6366021,6.758078,7.329516,84.154472,55,197.177704,8.52218,1845.38281,0.197451,0.03774,-0.151515,9.404609,10.24668,-0.214284306249988,-0.300832972277755
341922.9,6367902.7,9.11009,5.065178,25.806282,42,115.331299,5.020082,1797.41858,0.609162,0.091451,-0.096774,11.508935,6.144658,1.16437556224997,2.31653041832591
341228,6365431,8.424936,4.493814,20.517662,57,123.939301,6.125669,1804.57593,0.765096,0.160493,-0.19403,15.601542,7.181897,1.11548656494996,2.49947870601459
340927.739,6366483.83,6.38607,9.944356,105.468628,54,211.208298,6.00555,1795.77454,0.937459,0.013708,-0.206107,8.908306,6.524099,-0.618624501396808,-1.27628371401082
341074,6366356,9.105481,6.753937,96.326698,43,200.451004,5.144173,1699.1001,0.930874,0.059198,-0.216495,9.192374,4.594914,0.885765507958368,1.44612190006114
341960.9,6367457.5,7.482866,3.069433,15.77446,43,107.214996,4.770758,1701.26294,0.705924,1.372754,-0.104478,13.976592,4.369986,0.169414114916665,0.0498191031194395
340636.592,6369973,6.497356,0.582361,0.044891,59,96.012749,0.499339,1705.44482,0.847576,3.695605,-0.154472,18.454565,0.515018,-0.362735730349987,-0.908209166956961
340837,6365100,5.26099,6.482784,75.616478,48,182.150803,3.313511,1743.44434,0.879902,0.053971,-0.236364,9.47328,4.243038,-0.908186593979378,-1.31750230813985
342444.4,6367967.6,5.224229,2.943126,18.959892,56,103.706703,2.39852,1729.89209,0.371051,1.783168,-0.168,13.896199,2.881473,-0.365939278600012,-1.10209794014975
339625.726,6367822.19,7.07481,3.268331,0.094398,46,121.154297,3.058192,1748.28674,0.94254,2.764163,-0.38,16.685181,3.265445,0.282596813133323,0.488740421255411
339624.654,6367501.25,9.023697,2.418228,2.161118,55,130.827698,2.399338,1726.85254,0.911712,2.79942,-0.192661,16.871105,2.43372,1.08795841263337,2.51915356250716
341143,6364716,5.747222,4.727353,21.75795,54,126.542801,4.663246,1799.28919,0.584511,0.408831,-0.171171,13.716953,6.234081,-0.124016875149991,-0.430733352603328
339163.25,6370164.02,7.438232,3.850619,38.290787,50,152.900497,3.076313,1660.88196,0.788007,0.294802,-0.153153,10.008534,2.961327,0.226005929316642,0.489743211674575
341145.9,6367300.3,6.205002,4.826184,30.513451,62,131.762497,4.60507,1756.53516,0.442175,0.14519,-0.166667,11.207679,4.754357,0.0423222087500115,0.0428707527732302
340850,6366219,7.398799,11.402152,43.772331,46,150.418198,18.187435,1413.80725,0.662093,0.000255,-0.191489,10.302669,15.826365,-0.131964532466641,-0.457584185637804
340089.059,6369961.79,5.488342,1.624914,2.99852,56,106.011703,1.925308,1687.1283,0.797993,2.330911,-0.1875,17.019756,1.857175,-0.133319487516665,-0.198056887689739
341040,6365080,7.147953,9.037074,57.042343,53,162.201797,11.633047,1620.28076,0.691172,0.028787,-0.20339,9.206938,8.89074,-0.215191119316646,-0.685804814518629
340272.3,6366831.5,5.298804,7.988132,71.5737,54,187.410004,7.192086,1842.95337,0.8211,0.005274,-0.193277,8.721397,9.252143,-0.582211065790488,-0.884510189114578
342159.8,6369690.5,7.827665,1.331579,2.926712,59,79.903,3.714362,1652.3562,0.869377,3.982124,-0.163934,18.304607,3.835733,0.248219268033355,0.634150278853896
340184.39,6369799.96,5.250301,1.06857,0,62,100.669502,1.086821,1697.3634,0.84761,3.583704,-0.166667,18.464224,1.086099,-0.622305449116672,-1.19465387264913
339990.5,6366824.7,6.125277,6.183306,41.375923,57,163.5755,3.377999,1749.90698,0.167089,0.060185,-0.193548,11.32629,4.39041,0.0503024803095125,0.374666244762595
341485.5,6366271.8,6.644561,6.348825,28.555115,54,128.651703,10.215815,1607.89392,0.668131,0.226885,-0.247863,11.199627,7.940442,-0.0468245616500118,-0.397098299056609
340984.8,6368240.5,5.1,4.545335,28.83242,52,126.432297,5.828113,1796.9978,0.027527,0.477194,-0.238938,10.762621,6.684701,-0.310819836183335,-0.292000720333789
340859.8,6368090.5,5.106028,4.938502,32.431305,55,132.479797,4.665644,1736.20776,0.319553,0.756369,-0.192982,10.386094,6.561222,-0.404986936283347,-0.865402247616485
339466.857,6367772.48,5.378726,3.605847,11.769859,49,134.673203,4.290182,1708.01428,0.730863,0.343049,-0.208333,13.657159,3.991266,-0.260690341783317,-0.865467726074135
340945,6365159,8.014805,7.346509,63.840393,53,169.676193,8.228645,1810.87659,0.730398,0.023752,-0.154472,9.238688,8.920427,0.28329892151669,0.549141877758736
342472.255,6366809.11,5.816628,2.939503,40.532021,46,130.003296,1.954146,1740.59631,0.829204,0.081908,-0.296703,10.441308,2.123519,0.00787185851668681,-0.0368502272631375
341000.062,6366528.25,7.860289,9.814128,91.313385,61,196.118301,10.801886,1818.33984,0.763178,0.002938,-0.173913,8.994411,11.150366,0.271299743414279,0.429918094961215
341162,6365081,8.051227,7.750737,35.259705,48,139.546005,12.806134,1636.02087,0.150778,0.060197,-0.211538,9.845527,9.786206,0.295052896000009,0.492051902566598
341106.086,6366456.76,8.061527,9.219845,86.158714,53,189.895493,10.694065,1841.33411,0.503137,0.012759,-0.20339,9.490974,11.83437,0.401540538466694,0.605574191924753
339293.202,6368719.91,5.040194,2.514712,25.137856,47,141.960297,1.206295,1730.40405,0.132096,0.095026,-0.297872,13.390021,1.297735,-0.213211978300004,-0.237848235851133
339563.495,6367297.66,2.997182,5.847297,16.235306,55,146.598297,5.897298,1757.90137,0.561387,0.571936,-0.100775,12.685504,5.874085,-1.65076201821668,-3.87844602154009
342410.4,6366986.7,5.823125,3.07095,31.215828,39,120.533203,3.317507,1748.92407,0.144066,1.569031,-0.364706,11.90279,3.505028,0.0906966238833444,0.219299212040469
341462,6365525,6.564597,1.915793,24.035339,54,125.538498,1.80323,1683.45679,0.202919,1.409513,-0.206897,16.119774,1.867401,0.43741544028335,0.908202162384848
340557.3,6368047.19,5.006084,4.498096,28.534233,54,132.737701,3.796325,1729.83325,0.492756,0.45664,-0.22449,10.153491,4.943885,-0.332811537349993,-0.522087984200307
340333.141,6369596.27,7.344038,0.513449,2.342743,63,101.169296,0.623386,1708.42468,0.847654,3.955639,-0.174603,19.393011,0.643481,0.389404209516636,1.06480006255077
341215,6365565,7.716202,1.843824,16.985794,43,120.505798,1.273662,1687.75769,0.816678,2.990579,-0.339623,17.93235,1.267027,0.349824370416703,0.711329325563826
342627.1,6366319.16,6.902735,2.065701,10.491608,35,99.837753,2.120988,1688.28455,0.461707,0.708383,-0.417722,14.821777,2.035357,0.347521139407944,0.747002325537128
338868.412,6369044.61,7.44601,1.438918,1.723,62,124.121002,1.783883,1697.28735,0.909723,2.941675,-0.238095,17.608335,1.739929,0.31159759650003,0.760177110800944
340439,6365235,5.210932,5.789102,45.082207,39,154.450699,4.557916,1796.56397,0.206877,0.391716,-0.270588,11.605536,6.374682,-0.331077631849996,-0.553814380980773
341355.973,6366522.88,8.397933,4.766959,58.393936,46,159.298996,3.105745,1740.46265,0.55033,0.102,-0.142857,10.353701,3.171141,0.412734775983332,0.563491327602927
340622,6366420,6.709204,7.107577,67.470718,56,177.170303,12.435388,1523.13452,0.431199,0.083992,-0.261538,9.109694,9.962601,-0.192328059466647,-0.289116809513239
340723.705,6368048.21,5.072338,4.513239,34.060074,53,136.005203,4.509621,1786.76038,0.443851,0.5236,-0.288136,10.464754,5.290374,-0.161901654633321,-0.044792927680283
340137,6366146,6.899515,6.570312,66.075699,57,180.360504,6.910252,1840.67273,0.666335,0.190087,-0.168,11.152351,9.09503,0.0181009688666567,0.0459069156785903
341879.6,6367213.3,5.993458,3.657842,17.316017,43,110.565498,2.421835,1743.79529,0.759212,2.602587,-0.152174,14.128217,2.633044,-0.25742604506665,-1.06765817475314
339710.889,6368496.55,5.412487,1.257877,5.184456,48,117.406502,1.422859,1725.18628,0.637435,2.903439,-0.136842,16.830271,1.492416,-0.350752690049987,-0.514273330547929
341209.348,6370291.57,7.468881,1.827644,8.420746,61,97.268501,2.254089,1671.63269,0.505288,1.789976,-0.196721,16.052355,2.159088,0.512771631283352,1.19514618370749
340676,6365415,6.13472,4.537929,29.29184,46,137.038803,4.125774,1785.83728,0.623092,0.315279,-0.254545,14.750118,5.116525,0.202635580066667,0.477723524923237
340394,6367760.6,6.503376,3.462091,32.428307,47,141.766296,2.296747,1752.12817,0.708217,0.066138,-0.12381,11.014682,2.676431,0.0956892886666871,0.350529978233182
340739,6365086,5.42954,9.11721,60.173393,36,167.383301,5.787687,1824.68091,0.175816,0.1971,-0.364706,10.288233,9.874372,-0.351407362650004,-0.669955176618627
342389.057,6368574.11,7.760791,4.106679,14.840042,52,96.244247,5.791254,1614.57336,0.41813,0.815036,-0.173077,14.588529,5.57928,0.550927317050007,1.24953139120651
342788.7,6368048.5,5.27894,2.545012,39.491302,54,121.204498,0.423938,1709.67896,0.838944,0.006409,-0.172414,11.560157,0.439634,-0.466288831266675,-1.15899907512781
340716,6364777,7.242625,7.000001,32.824875,55,140.106201,7.316361,1718.85425,0.654502,0.761055,-0.19403,12.00037,6.561921,0.170692753683347,0.548804736323176
338883.141,6369957.71,8.561702,6.345372,36.164284,47,154.092697,13.835654,1636.1897,0.628903,0.053333,-0.12766,9.284912,10.464887,0.475191460933351,0.882823749129258
339700.686,6368155.13,6.462803,2.890132,4.740067,55,120.001297,3.094664,1757.91748,0.864164,2.174641,-0.148515,16.49649,3.91547,0.000159068821425912,0.214317829746994
341485,6365753,5.268495,4.16051,34.160133,36,135.078796,6.33271,1627.99902,0.518518,0.231099,-0.39759,13.129489,5.358137,-0.241785708200002,-0.7660180995593
341239.805,6369865.48,7.252929,0.59367,1.465324,64,89.84375,0.829857,1704.26624,0.881022,3.938838,-0.151079,18.464602,0.845576,-0.0635490835666834,-0.188483175227947
340311.646,6369557.84,5.5,0.526028,2.402969,60,101.479202,0.569317,1705.41016,0.848138,3.957083,-0.174603,19.455715,0.585003,-0.752370628933344,-1.58649800435988
340688.551,6369991.68,7.162918,0.688947,0.079834,64,95.556,0.795772,1699.35523,0.847362,3.618278,-0.151515,18.168234,0.805321,-0.0243464889166711,-0.0618197807147229
341640.6,6367227.3,9.448562,7.955941,44.818855,44,140.612701,2.10477,1742.52185,0.793436,0.004793,-0.134021,9.702553,2.272526,0.828723743600049,1.61842347104405
340103.419,6370348.74,5.511579,2.511461,18.310371,47,123.523003,2.930198,1760.99707,0.429437,0.215364,-0.196078,13.020394,3.380265,0.0763218632833409,0.519818412744043
339918.6,6366699.3,7.842327,4.896682,27.402367,49,149.020203,1.420178,1692.95325,0.924439,2.399889,-0.160714,16.243118,1.501639,0.369892215133318,1.0842039137115
340438.282,6369931.13,7.324706,0.705039,0.206528,60,98.453499,0.898263,1697.63159,0.847611,2.966288,-0.151515,18.358791,0.904099,0.00341926559997496,0.0361563772147244
341440.5,6367677.6,6.571223,1.966482,11.277931,64,107.1455,2.074302,1717.35095,0.834308,2.96872,-0.15942,16.572821,2.086898,0.0526441245333409,0.0973328246631775
341605,6366569,9.357477,7.882753,31.975029,57,130.151993,10.005266,1642.38916,0.250808,0.371194,-0.186441,10.730798,7.928135,1.1452731213667,2.19210929314285
341857.9,6367807.4,8.950639,5.63856,31.883911,39,122.537003,4.675476,1799.95447,0.735086,0.072125,-0.156627,10.3648,6.263118,0.881252959966671,1.51979314016287
339033.331,6368504.63,5.472795,3.638754,17.484818,55,139.468002,3.347918,1679.01465,0.6871,1.233183,-0.25,14.364681,3.689661,-0.501502357149993,-0.984224738088479
